Redshifts and Luminosities of BATSE  GRBs from Variability
Trig P256 T90 V Z L4pi
  109    3.62    90.2    0.0233    1.8 1.35E52
  130    3.47    62.0    0.0168    1.1 4.52E51
  143   47.57    50.8    0.0598    2.3 3.16E53
  219   18.06    29.7    0.0172    0.6 4.84E51
  222    3.99    73.1    0.0380    3.6 6.92E52
  249   34.62    28.5    0.0170    0.4 4.67E51
  394    4.78   106.1    0.0172    1.0 4.91E51
  398    1.71    25.6    0.0175    1.6 5.18E51
  467    7.73    37.7    0.0312    2.0 3.59E52
  503    5.05    46.7    0.0753   10.2 6.85E53
  548    2.00    36.2    0.0162    1.4 3.99E51
  563    1.89    22.5    0.0115    0.9 1.25E51
  647    7.07    59.6    0.0293    1.9 2.92E52
  660    4.55    20.2    0.0305    2.4 3.31E52
  676    4.20    77.8    0.0254    1.9 1.81E52
  678    6.18    53.9    0.0226    1.4 1.21E52
  761    3.21    81.5    0.0364    3.8 6.02E52
  869    3.52   110.5    0.0557    7.3 2.50E53
  907    3.57   158.1    0.0386    3.9 7.34E52
  973    5.29    90.0    0.0462    4.3 1.33E53
 1141    9.01    20.1    0.0142    0.6 2.55E51
 1150    1.71    61.6    0.0366    5.1 6.10E52
 1157   10.04   170.6    0.0697    6.3 5.31E53
 1235    2.53   190.0    0.0854   12.0 1.04E54
 1288    6.55   318.6    0.0269    1.7 2.18E52
 1385    3.62    51.8    0.0192    1.4 7.04E51
 1396    1.68    21.0    0.0418    6.4 9.54E52
 1419    4.51   122.5    0.0642    8.2 4.02E53
 1440   11.50    24.4    0.0526    3.7 2.06E53
 1447    1.74    22.7    0.0151    1.3 3.16E51
 1467    2.26    26.8    0.0176    1.5 5.26E51
 1468    3.34    51.1    0.0519    6.6 1.97E53
 1533    4.00    99.8    0.0489    5.5 1.62E53
 1541   35.58    26.2    0.0266    0.8 2.10E52
 1578    3.75    20.5    0.0131    0.8 1.96E51
 1579    3.25    73.5    0.0614    9.0 3.46E53
 1601    2.14    48.5    0.0542    9.0 2.28E53
 1606    7.82    88.6    0.0200    1.0 8.08E51
 1623    2.98    66.1    0.0291    2.7 2.85E52
 1652    4.08    67.7    0.0244    1.8 1.57E52
 1660    1.67    53.9    0.0669   12.0 4.61E53
 1663   19.00    36.0    0.0249    1.0 1.69E52
 1676   10.49    52.8    0.0386    2.4 7.30E52
 1712    3.10   307.6    0.0341    3.4 4.83E52
 1733    3.00    36.9    0.0392    4.4 7.70E52
 1734    1.70    46.7    0.0876   12.0 1.14E54
 1819    2.01    53.0    0.1347   12.0 4.81E54
 1886   16.37   275.7    0.1072   10.3 2.24E54
 1967    1.72    25.4    0.0146    1.3 2.80E51
 1982    1.68   109.8    0.0279    3.3 2.45E52
 1989    2.73   272.4    0.0534    7.7 2.17E53
 1993    1.69    30.5    0.0371    5.3 6.39E52
 1997   16.35    60.2    0.0195    0.7 7.46E51
 2047    2.12    41.1    0.0703   12.0 5.45E53
 2061    2.19   174.7    0.0185    1.6 6.23E51
 2067   18.10    30.9    0.0132    0.4 2.00E51
 2080    5.64    53.8    0.0186    1.1 6.39E51
 2090   10.15    38.1    0.0607    4.9 3.33E53
 2122    1.89   120.6    0.0187    1.7 6.42E51
 2123    2.12    22.0    0.0032    0.1 0.18E50
 2138    7.00    77.3    0.0313    2.1 3.61E52
 2156   16.57   154.4    0.0282    1.2 2.55E52
 2190    1.82   135.9    0.0262    2.9 2.00E52
 2193    1.55   135.2    0.0219    2.4 1.10E52
 2213    4.59    61.9    0.0457    4.5 1.29E53
 2228    8.10    90.1    0.0262    1.5 1.99E52
 2232    6.02    56.5    0.0651    7.2 4.21E53
 2287    1.91   462.0    0.0337    4.2 4.65E52
 2316    3.83    29.2    0.0024    0.1 0.64E49
 2328    1.57    54.0    0.0230    2.6 1.30E52
 2329   40.40    22.1    0.0183    0.4 5.96E51
 2340    1.61    22.5    0.0490    8.8 1.63E53
 2345    2.49    89.0    0.0953   12.0 1.51E54
 2346    2.93    83.1    0.0504    6.7 1.78E53
 2362    3.35    45.3    0.0640    9.5 3.97E53
 2383    3.06    50.9    0.0333    3.3 4.48E52
 2387    3.86    42.0    0.0098    0.5 7.51E50
 2428    2.05   144.9    0.0617   11.6 3.51E53
 2436    6.08    33.3    0.0221    1.3 1.13E52
 2443    2.10    28.9    0.0245    2.5 1.60E52
 2450    7.57    45.9    0.0262    1.5 1.99E52
 2451    2.82    35.0    0.0487    6.5 1.59E53
 2511    1.79    64.3    0.0714   12.0 5.74E53
 2519    1.53    90.2    0.0595   12.0 3.11E53
 2522    3.23    83.1    0.0272    2.4 2.27E52
 2530    1.86   194.9    0.0323    4.0 4.04E52
 2533    8.92    74.3    0.0133    0.5 2.06E51
 2581    1.66   104.4    0.0504    9.0 1.79E53
 2593    1.56    29.9    0.0376    5.6 6.72E52
 2603    3.19    24.7    0.0082    0.4 4.01E50
 2606    2.38   134.7    0.0193    1.6 7.15E51
 2665    1.99    30.6    0.0398    5.5 8.10E52
 2681    1.64    55.5    0.0427    6.8 1.03E53
 2700    4.06    57.9    0.0371    3.4 6.38E52
 2703    2.89    57.7    0.0215    1.8 1.02E52
 2780    1.59    53.6    0.0179    1.7 5.57E51
 2790    3.47    45.3    0.0333    3.1 4.46E52
 2798   23.75    49.2    0.0230    0.8 1.29E52
 2812   10.52    30.7    0.0364    2.2 5.99E52
 2831   43.43   150.1    0.0249    0.7 1.69E52
 2855    9.53    42.5    0.0175    0.8 5.19E51
 2877    2.92   114.1    0.0356    3.8 5.56E52
 2889    5.92    75.9    0.0125    0.6 1.68E51
 2890    2.32    51.6    0.0224    2.1 1.19E52
 2891    8.71    60.7    0.0314    1.9 3.65E52
 2897    2.94    28.0    0.0178    1.3 5.44E51
 2913    5.20    22.9    0.0449    4.2 1.22E53
 2922    2.85   160.8    0.0399    4.6 8.19E52
 2929    5.91    42.8    0.0185    1.0 6.25E51
 2958    3.75    36.9    0.0406    4.2 8.69E52
 2984    4.61    32.8    0.0302    2.4 3.21E52
 2993    3.22    44.8    0.0249    2.1 1.68E52
 2994   14.42    48.6    0.0245    1.1 1.59E52
 3001    4.19    29.7    0.0337    2.9 4.63E52
 3003    2.83    37.6    0.0108    0.7 1.02E51
 3011    1.68    49.7    0.0433    6.9 1.08E53
 3015    1.75    26.8    0.0453    7.3 1.25E53
 3035    6.03    88.4    0.0198    1.1 7.82E51
 3040    1.70    26.0    0.0376    5.4 6.69E52
 3042    6.74   182.0    0.0417    3.3 9.50E52
 3055    1.78    40.6    0.0047    0.2 0.61E50
 3056    2.41    36.3    0.0196    1.7 7.58E51
 3057   32.36    34.9    0.0256    0.8 1.84E52
 3067   18.67    67.0    0.0451    2.3 1.23E53
 3075    2.32    43.6    0.0304    3.3 3.30E52
 3093    2.03    89.3    0.0431    6.2 1.06E53
 3101    2.22    37.4    0.0661   12.0 4.43E53
 3115   11.10    45.3    0.0557    4.1 2.50E53
 3128   12.41    32.2    0.0365    2.0 6.07E52
 3142    2.03    33.1    0.0424    5.910.00E52
 3178   14.34    39.9    0.0225    0.9 1.20E52
 3212    2.02    83.4    0.0416    5.9 9.38E52
 3227   17.03   115.3    0.0260    1.1 1.95E52
 3237    2.01    46.2    0.0582   10.3 2.89E53
 3241   12.48    45.4    0.0368    2.0 6.25E52
 3245   12.79    77.1    0.0207    0.9 9.00E51
 3255   11.87    34.9    0.0248    1.2 1.66E52
 3256    1.76    96.6    0.0965   12.0 1.58E54
 3257    3.06    63.6    0.0290    2.7 2.81E52
 3283    2.57    45.8    0.0633   10.8 3.83E53
 3287    6.69    33.4    0.0200    1.1 8.13E51
 3290   10.70    43.7    0.0803    7.6 8.51E53
 3301    2.81    36.1    0.0268    2.5 2.17E52
 3306    3.28   108.5    0.0279    2.5 2.47E52
 3307    1.70    43.0    0.0572   11.2 2.74E53
 3319    2.11   206.3    0.2210   12.0 2.53E55
 3330    6.75    62.0    0.0196    1.1 7.58E51
 3345    6.76    40.4    0.0359    2.6 5.72E52
 3351    4.48   102.9    0.0354    3.1 5.50E52
 3352    3.71    46.3    0.0047    0.2 0.62E50
 3405    1.53    67.4    0.0622   12.0 3.61E53
 3407    1.53    91.4    0.0435    7.3 1.09E53
 3408   12.73    58.6    0.0283    1.4 2.59E52
 3415    9.16    54.3    0.0353    2.2 5.42E52
 3436    3.56    40.0    0.0264    2.2 2.06E52
 3439    1.66   150.8    0.0933   12.0 1.41E54
 3448    2.19   331.2    0.0313    3.5 3.64E52
 3458    8.68   673.8    0.0709    6.9 5.62E53
 3481   21.94    40.8    0.0397    1.8 8.03E52
 3488    8.65    60.2    0.0521    4.2 2.00E53
 3489    6.65    33.1    0.0147    0.7 2.89E51
 3512    4.84    29.8    0.0417    3.8 9.51E52
 3523   21.57    59.1    0.0208    0.7 9.21E51
 3569    4.53    21.0    0.0832   12.0 9.59E53
 3593    6.61    59.1    0.0450    3.7 1.23E53
 3618    2.50    90.2    0.0335    3.7 4.56E52
 3634    3.30   142.0    0.0518    6.6 1.96E53
 3648    5.70    57.1    0.0297    2.1 3.04E52
 3649    4.28    26.5    0.0297    2.4 3.02E52
 3662    3.05    68.9    0.0503    6.5 1.77E53
 3663    4.48   204.4    0.0452    4.5 1.24E53
 3664    1.98    85.2    0.0452    6.8 1.24E53
 3745    2.21    84.3    0.0430    5.9 1.05E53
 3765   25.29    72.6    0.0357    1.4 5.62E52
 3788    5.20    65.7    0.0187    1.1 6.44E51
 3843    2.33    50.5    0.0179    1.5 5.54E51
 3853    3.08    91.3    0.1850   12.0 1.39E55
 3860    4.44    31.5    0.0168    1.0 4.47E51
 3879    1.51    30.9    0.0407    6.5 8.70E52
 3891   13.69    41.5    0.0305    1.5 3.32E52
 3893    3.70    35.7    0.0109    0.6 1.05E51
 3900    1.53    86.7    0.0682   12.0 4.93E53
 3905    4.39    24.3    0.0359    3.1 5.71E52
 3906    2.32    20.7    0.0218    2.0 1.07E52
 3912    4.04    26.0    0.0376    3.5 6.69E52
 3918    2.00   110.5    0.0249    2.6 1.67E52
 3929    3.97    28.5    0.0197    1.3 7.71E51
 3954    8.19    29.7    0.0472    3.6 1.44E53
 4039    5.45    58.8    0.0278    1.9 2.45E52
 4157    2.27    20.0    0.0130    0.9 1.91E51
 4216    1.51    25.5    0.0347    5.0 5.14E52
 4350    3.27    52.0    0.0418    4.6 9.55E52
 4368   56.23    36.5    0.0183    0.4 6.04E51
 4701    7.14    74.7    0.0400    3.0 8.26E52
 5304   13.28    22.8    0.0166    0.6 4.34E51
 5389    4.14    23.7    0.0406    4.0 8.68E52
 5419    3.43    22.8    0.0211    1.6 9.65E51
 5421    1.97   266.8    0.0536    9.2 2.20E53
 5433    2.83    76.0    0.1560   12.0 7.87E54
 5447    3.88    55.9    0.0299    2.5 3.10E52
 5450    4.15   172.2    0.0712   10.3 5.69E53
 5451    4.30    24.5    0.0226    1.6 1.21E52
 5464    2.60    28.9    0.0382    4.5 7.07E52
 5470    4.79    30.4    0.0677    8.7 4.80E53
 5472    1.96    55.1    0.0371    4.9 6.43E52
 5473    3.79    80.6    0.0554    6.9 2.46E53
 5475    2.42    72.8    0.0552    8.7 2.43E53
 5476    2.55    21.9    0.0331    3.6 4.39E52
 5478    2.96   297.0    0.0688   11.6 5.08E53
 5479    2.76   137.3    0.0476    6.3 1.47E53
 5484    2.68    64.6    0.0656   11.2 4.32E53
 5486    9.35    86.7    0.0354    2.2 5.48E52
 5489    9.44   140.5    0.0470    3.4 1.41E53
 5495    2.12    26.3    0.0701   12.0 5.39E53
 5518    2.35    51.9    0.0531    8.3 2.13E53
 5526    3.38    72.4    0.0281    2.4 2.54E52
 5531    1.67    33.9    0.0124    1.0 1.62E51
 5539    1.88    77.8    0.1066   12.0 2.20E54
 5541    1.66    26.4    0.0349    4.8 5.24E52
 5548    5.95   187.8    0.0384    3.0 7.16E52
